Location	Total	Coal	Gas	Hydro	Nuclear	Wind	Solar	Oil	Biomass	Geothermal	Year
 China	10,073	5,860	303	1,354	445	992	834	76	208	0	2024
 United States	4,387	653	1,865	236	782	453	303	30	47	18	2024
 India	2,058	1,534	57	156	54	82	134	4	36	0	2024
 Russia	1,221	225	538	210	216	6	3	13	0.9	0	2024
 Japan	1,022	326	347	78	85	11	102	28	46	0	2024
 Brazil	745	16	48	415	16	108	75	12	57	0	2024
 Canada	633	25	93	364	89	39	8	5	10	0	2023
 South Korea	618	205	169	4	180	3	29	8	19	0	2023
 France	518	2	30	57	338	49	22	11	10	0.6	2023
 Germany	497	125	78	20	7	137	61	22	46	0.2	2023
 Saudi Arabia	423	0	265	0	0	1	4	152	0	0	2023
 Iran	383	0.9	324	23	7	1	0.8	27	0.03	0	2023
 Mexico	355	28	205	20	12	22	27	33	7	0	2023
 Indonesia	351	217	62	25	0	0.5	0.7	7	22	17	2023
 Turkey	320	118	66	64	0	34	18	0.9	8	10	2023
 United Kingdom	286	3	98	5	41	82	14	8	34	0	2023
 Taiwan	282	122	114	4	18	6	13	4	2	0	2023
 Spain	279	4	64	25	57	64	49	10	6	0.01	2023
 Vietnam	276	130	26	81	0	11	26	2	0.8	0	2023
 Australia	273	126	47	15	0	32	45	6	3	0	2023
 Italy	261	13	119	41	0	24	31	13	16	6	2023
 South Africa	234	191	0	2	9	12	16	5	0.4	0	2023
 Egypt	220	0	179	14	0	6	5	17	0	0	2023
 Thailand	190	30	129	7	0	4	5	0.9	14	0	2023
 Malaysia	188	81	69	32	0	0	3	1	1	0	2023
 Pakistan	171	27	47	34	24	6	1	29	2	0	2023
 Sweden	166	0	0.2	66	48	34	3	2	12	0	2023
 United Arab Emirates	165	0	119	0	32	0.05	14	0	0.03	0	2023
 Poland	164	99	16	2	0	23	11	4	8	0	2023
 Norway	153	0.04	1	136	0	15	0	0.8	0.2	0.02	2023
 Iraq	150	0	87	1	0	0	0.4	61	0	0	2023
 Argentina	146	2	76	30	9	14	3	10	2	0	2023
 Netherlands	120	9	46	0.07	4	29	20	4	8	0	2023
 Kazakhstan	113	64	32	9	0	4	2	2	0	0	2023
 Ukraine	113	24	7	11	62	2	5	0.5	0.8	0	2022
 Philippines	112	66	18	10	0	1	2	3	1	10	2023
 Bangladesh	106	11	72	0.7	0	0	1	22	0	0	2023
 Algeria	96	0	95	0.02	0	0.02	0.9	0.4	0	0	2023
 Colombia	90	11	16	56	0	0.06	1	3	2	0	2023
 Chile	88	14	15	26	0	10	17	1	4	0.4	2023
 Kuwait	86	0	44	0	0	2	0.2	40	0	0	2023
 Venezuela	83	0	12	65	0	0.02	0.01	6	0	0	2023
 Belgium	82	0	18	0.4	33	15	8	3	4	0	2023
 Finland	81	2	0.7	15	34	14	0.7	3	11	0	2023
 Uzbekistan	76	6	62	7	0	0	0.4	2	0	0	2023
 Czech Republic	76	30	4	2	30	0.7	3	0.6	5	0	2023
 Israel	74	13	53	0	0	0.7	7	0.3	0.1	0	2023
 Austria	70	0	8	41	0	8	6	3	5	0	2023
 Switzerland	68	0	0	39	24	0.2	4	1	0	0	2023
 Peru	60	0.2	26	30	0	2	0.8	0.6	0.6	0	2023
 Singapore	57	0.6	53	0	0	0	0.9	1	2	0	2023
 Romania	57	8	9	18	11	8	2	0.2	0.4	0	2023
 Qatar	55	0	55	0	0	0	0.01	0	0.1	0	2023
 Laos	52	12	0	40	0	0	0.08	0	0.04	0	2023
 Greece	49	5	16	4	0	11	9	4	0.7	0	2023
 Portugal	46	0	10	12	0	13	5	1	4	0.2	2023
 Oman	45	0	42	0	0	0.1	2	1	0	0	2023
 Paraguay	44	0	0	44	0	0	0	0	0.2	0	2023
 New Zealand	44	1	3	26	0	4	0.4	0.7	0.7	8	2023
 Belarus	44	0.03	29	0.4	12	0.2	0.2	1	0.5	0	2023
 Nigeria	43	0	33	10	0	0	0.1	0	0.06	0	2023
 Morocco	42	27	4	0.5	0	7	2	2	0.04	0	2023
 Bulgaria	40	12	2	3	16	2	4	0.2	2	0	2023
 Serbia	38	23	1	12	0	0.9	0.02	0.07	0.2	0	2023
 Hong Kong	38	13	24	0	0	0	0.2	0.2	0.2	0	2023
 Bahrain	36	0	36	0	0	0	0.09	0	0	0	2023
 Hungary	36	2	7	0.2	16	0.6	7	0.5	2	0.02	2023
 Libya	35	0	27	0	0	0	0.01	8	0	0	2023
 Ecuador	34	0	1	26	0	0.06	0.04	7	0.4	0	2023
 Turkmenistan	34	0	34	0.01	0	0	0	0	0	0	2023
 Denmark	34	3	1	0.02	0	19	3	0.8	6	0	2023
 Ireland	31	1	15	0.9	0	12	0.7	0.7	0.8	0	2023
 Slovakia	30	1	2	5	18	0	0.6	1	1	0	2023
 Azerbaijan	29	0	27	2	0	0.08	0.07	0.1	0.1	0	2023
 North Korea	27	9	0	17	0	0	0.1	0.6	0	0	2023
 Myanmar	26	2	14	9	0	0	0.1	0.1	0.3	0	2023
 Dominican Republic	25	8	7	1	0	1	1	5	0.2	0	2023
 Ghana	24	0	14	9	0	0	0.1	0.4	0.02	0	2023
 Jordan	23	0	16	0.02	0	2	3	0.9	0	0	2023
 Tajikistan	22	1	0.3	20	0	0	0	0	0	0	2023
 Tunisia	21	0	20	0.01	0	0.3	0.5	0.2	0	0	2023
 Iceland	20	0	0	14	0	0.01	0	0	0	6	2023
 Syria	20	0	8	0.8	0	0	0.1	12	0.03	0	2023
 Puerto Rico	20	3	5	0.05	0	0.2	0.8	10	0.01	0	2023
 Mozambique	20	0	3	16	0	0	0.07	0.1	0.1	0	2023
 Zambia	19	2	0	17	0	0	0.1	0.01	0.08	0	2023
 Ethiopia	18	0	0	18	0	0.6	0.04	0	0.01	0.03	2023
 Angola	18	0	2	13	0	0	0.4	3	0.05	0	2023
 Croatia	17	1	4	8	0	3	0.4	0.05	1	0.02	2023
 Bosnia and Herzegovina	17	10	0.01	6	0	0.3	0.2	0.2	0.03	0	2023
 Sudan	17	0	0	12	0	0	0.1	5	0.1	0	2023
 DR Congo	16	0	0	14	0	0	2	0	0.03	0	2023
 Slovenia	16	3	0.5	5	6	0.01	1	0.01	0.3	0	2023
 Cuba	15	0	2	0.1	0	0.06	0.2	13	0.3	0	2023
 Georgia	14	0	3	11	0	0.09	0	0	0	0	2023
 Cambodia	14	8	0	5	0	0	0.8	0.05	0.01	0	2023
 Kyrgyzstan	14	2	0.1	12	0	0	0	0.04	0	0	2023
 Guatemala	13	2	0	6	0	0.3	0.2	1	3	0.3	2023
 Uruguay	13	0	0	4	0	5	0.5	1	3	0	2023
 Panama	13	0.5	3	6	0	0.9	0.9	2	0.04	0	2023
 Kenya	13	0	0	3	0	2	0.6	1	0.2	6	2023
 Bolivia	12	0	8	3	0	0.4	0.3	0.2	0.4	0	2023
 Costa Rica	12	0	0	9	0	1	0.08	0.01	0.06	2	2023
 Honduras	12	0	0	4	0	0.7	1	4	1	0.3	2023
 Bhutan	11	0	0	11	0	0	0	0	0	0	2023
 Ivory Coast	11	0	8	3	0	0	0.02	0.02	0.09	0	2023
 Tanzania	11	0	8	3	0	0	0.03	0.06	0.07	0	2023
 Nepal	11	0	0	11	0	0.01	0.1	0	0	0	2023
 Trinidad and Tobago	10	0	9	0	0	0	0.01	0.04	0	0	2023
 Albania	9	0	0	9	0	0	0.3	0	0	0	2023
 Armenia	9	0	4	2	3	0	0.8	0	0	0	2023
 Cameroon	8	0	2	5	0	0	0.02	1	0.04	0	2023
 Zimbabwe	8	3	0	5	0	0	0.03	0	0.1	0	2023
 Senegal	8	0.5	0.02	0.3	0	0.7	0.6	6	0.1	0	2023
 Mongolia	8	7	0	0.06	0	0.5	0.2	0.3	0	0	2023
 North Macedonia	7	2	1	2	0	0.2	0.5	0.7	0.1	0	2023
 El Salvador	6	0	0	2	0	0.1	1	0.6	0.9	2	2023
 Latvia	6	0	1	4	0	0.3	0.2	0	0.7	0	2023
 Kosovo	6	6	0	0.5	0	0.2	0.02	0.02	0	0	2023
 Estonia	6	0	0.02	0.03	0	0.8	0.7	3	1	0	2023
 Uganda	6	0	0	5	0	0	0.1	0.1	0.5	0	2023
 Brunei	6	1	4	0	0	0	0	0.05	0	0	2023
 Cyprus	5	0	0	0	0	0.2	0.8	4	0.05	0	2023
 Lithuania	5	0	0.6	0.4	0	3	0.7	0.3	0.8	0	2023
 Congo	5	0	4	1	0	0	0.01	0.3	0.01	0	2023
 Moldova	5	0	4	0.3	0	0.2	0.09	0.3	0.01	0	2023
 Papua New Guinea	5	0	0.9	1	0	0	0.01	3	0.01	0.1	2023
 Lebanon	5	0	0	0.7	0	0.01	1	2	0.03	0	2023
 Jamaica	4	0	2	0.1	0	0.3	0.1	2	0.06	0	2023
 Nicaragua	4	0	0	0.7	0	0.6	0.03	2	0.9	0.7	2023
 Mali	4	0	0	2	0	0	0.1	2	0.07	0	2023
 Montenegro	4	2	0	2	0	0.3	0	0	0	0	2023
 Guinea	4	0	0	3	0	0	0.03	1	0	0	2023
 Réunion	3	0.9	0	0.6	0	0	0.3	1	0.2	0	2022
 Mauritius	3	1	0	0.09	0	0.01	0.1	2	0.3	0	2023
 Gabon	3	0	1	2	0	0	0	0.5	0.01	0	2023
 New Caledonia	3	1	0	0.5	0	0.04	0.2	1	0	0	2023
 Yemen	3	0	0.6	0	0	0	0.5	2	0	0	2023
 Madagascar	3	0.5	0	0.8	0	0	0.08	1	0.03	0	2023
 Botswana	3	2	0	0	0	0	0.01	0.1	0	0	2023
 Malta	2	0	2	0	0	0	0.3	0.02	0.01	0	2023
 Suriname	2	0	0.02	0.9	0	0	0.01	1	0.01	0	2023
 Bahamas	2	0	0	0	0	0	0.02	2	0	0	2023
 Namibia	2	0.03	0	1	0	0.02	0.5	0.01	0	0	2023
 Malawi	2	0	0	2	0	0	0.01	0.08	0.05	0	2023
 Guam	2	0	0	0	0	0	0.1	2	0	0	2023
 Burkina Faso	2	0	0	0.1	0	0	0.09	1	0.09	0	2023
 Guadeloupe	2	0.2	0	0.01	0	0.1	0.1	0.8	0.2	0.1	2022
 Mauritania	2	0	0	0.2	0	0.1	0.1	1	0	0	2023
 Equatorial Guinea	2	0	1	0.5	0	0	0	0.01	0	0	2023
 Martinique	1	0	0	0	0	0.04	0.09	1	0.2	0.01	2022
 Luxembourg	1	0	0.09	0.09	0	0.5	0.3	0.06	0.4	0	2023
 Guyana	1	0	0.01	0	0	0	0.02	1	0.07	0	2023
 Fiji	1	0	0	0.6	0	0	0.01	0.4	0.1	0	2023
 Barbados	1	0	0.03	0	0	0	0.09	1	0	0	2023
 Rwanda	1	0.05	0.2	0.6	0	0	0.04	0.2	0	0	2023
 Palestine	1	0	0	0	0	0	0.3	0.7	0	0	2023
 Haiti	1	0	0	0.2	0	0	0	0.8	0	0	2023
 Aruba	1	0	0	0	0	0.1	0.03	0.8	0	0	2023
 Benin	1	0	0.7	0	0	0	0.03	0.2	0	0	2023
 French Guiana	1	0	0	0.6	0	0	0.05	0.3	0.05	0	2022
 Afghanistan	1	0.03	0	0.8	0	0	0.09	0.1	0	0	2023
 Togo	0.9	0	0.7	0.08	0	0	0.1	0.07	0	0	2023
 Maldives	0.8	0	0	0	0	0	0.06	0.8	0	0	2023
 Niger	0.8	0.2	0.05	0	0	0	0.02	0.6	0	0	2023
 French Polynesia	0.7	0	0	0.2	0	0	0.05	0.5	0	0	2023
 Cayman Islands	0.7	0	0	0	0	0	0.02	0.7	0	0	2023
 U.S. Virgin Islands	0.7	0	0	0	0	0	0.02	0.7	0	0	2023
 Bermuda	0.6	0	0	0	0	0	0	0.6	0.01	0	2023
 Seychelles	0.6	0	0	0	0	0.01	0.08	0.5	0	0	2023
 South Sudan	0.6	0	0	0	0	0	0.04	0.6	0	0	2023
 Eswatini	0.6	0.02	0	0.3	0	0	0.03	0	0.2	0	2023
 Greenland	0.5	0	0	0.5	0	0	0	0.07	0	0	2023
 Gambia	0.5	0	0	0	0	0	0	0.5	0	0	2023
 Timor-Leste	0.5	0	0	0	0	0	0	0.5	0	0	2023
 Cape Verde	0.5	0	0	0	0	0.07	0.07	0.4	0	0	2023
 Macau	0.5	0	0.2	0	0	0	0	0.04	0.2	0	2023
 Faroe Islands	0.5	0	0	0.1	0	0.09	0	0.3	0	0	2023
 Lesotho	0.5	0	0	0.5	0	0	0	0	0	0	2023
 Belize	0.4	0	0	0.2	0	0	0.01	0.05	0.1	0	2023
 Eritrea	0.4	0	0	0	0	0	0.05	0.4	0	0	2023
 Somalia	0.4	0	0	0	0	0.01	0.07	0.3	0	0	2023
 Saint Lucia	0.4	0	0	0	0	0	0.01	0.4	0	0	2023
 Burundi	0.4	0	0	0.3	0	0	0	0.1	0.01	0	2023
 Chad	0.4	0	0	0	0	0.01	0	0.4	0.01	0	2023
 Liberia	0.4	0	0	0.1	0	0	0	0.3	0	0	2023
 Antigua and Barbuda	0.4	0	0	0	0	0	0.02	0.3	0	0	2023
 Turks and Caicos Islands	0.3	0	0	0	0	0	0	0.3	0	0	2023
 Grenada	0.2	0	0	0	0	0	0	0.2	0	0	2023
 Gibraltar	0.2	0	0.2	0	0	0	0	0	0	0	2023
 Saint Kitts and Nevis	0.2	0	0	0	0	0.01	0	0.2	0	0	2023
 Sierra Leone	0.2	0	0	0.2	0	0	0.02	0.01	0	0	2023
 Djibouti	0.2	0	0	0	0	0.07	0	0.1	0	0	2023
 American Samoa	0.2	0	0	0	0	0	0	0.2	0	0	2023
 British Virgin Islands	0.2	0	0	0	0	0	0	0.2	0	0	2023
 Dominica	0.1	0	0	0.02	0	0	0	0.1	0	0	2023
 Saint Vincent and the Grenadines	0.1	0	0	0.02	0	0	0	0.1	0	0	2023
 Samoa	0.1	0	0	0.03	0	0	0.02	0.09	0.01	0	2023
 Central African Republic	0.1	0	0	0.1	0	0	0	0	0	0	2023
 Comoros	0.1	0	0	0	0	0	0	0.1	0	0	2023
 Solomon Islands	0.1	0	0	0	0	0	0.01	0.1	0	0	2023
 Sao Tome & Principe	0.09	0	0	0.01	0	0	0	0.08	0	0	2023
 Guinea-Bissau	0.08	0	0	0	0	0	0	0.08	0	0	2023
 Vanuatu	0.08	0	0	0.01	0	0	0.01	0.06	0	0	2023
 Tonga	0.07	0	0	0	0	0	0.01	0.06	0	0	2023
 Saint Pierre and Miquelon	0.05	0	0	0	0	0	0	0.05	0	0	2023
 Cook Islands	0.04	0	0	0	0	0	0.02	0.02	0	0	2023
 Kiribati	0.04	0	0	0	0	0	0.01	0.03	0	0	2023
 Nauru	0.04	0	0	0	0	0	0	0.04	0	0	2023
 Falkland Islands	0.01	0	0	0	0	0	0	0.01	0	0	2023
 Montserrat	0.01	0	0	0	0	0	0	0.01	0	0	2023
 Saint Helena, Ascension and Tristan da Cunha	0.01	0	0	0	0	0	0	0.01	0	0	2023